19006
19007
19008
19009
19010
19011
19012
19013
19014
19015
19016
19017
19018
19019
19020
19021
19022
19023
19024
19025
19026
19027
19028
19029
19030
19031
19032
19033
19034
19035
19138
19139
19140
18947
18948
18949
18950
18951
18967
18969
18968
18939
18940
18942
18943
18926
18927
18928
18929
18930
18932
18933
18934
18935
19093
19160
19161
19162
18645
18976
18977
18978
18979
19200
18891
18892
18893
18894
18895
18896
18897
18898
18911
18912
18913
18914
18915
18916
18917
18918
18919
18920
18899
18900
18901
18902
18903
18904
18905
18906
18907
18908
18909
18910
19036
19037
19038
19163
11704
18974
19515
19517
19516
19518
19519  
19274
19077
18975
18640
19314
348
349
353
349
355
356
358
363
19161
19141
19099
19100
19521
19139
19140
18637
19142
19777
19590
19773
19801
19085
18953
18954
19555
19556
19102
19103
19104
19105
19106
19107
18921
18922
18923
18924
18925
19942
19559
11745
2919
3026
371
19472
18973
19553
19421
19422
19423
19424
18928
18929
18930
18931
18932
18933
18903
18909
19488
19064
19065
19095
19096
19097
19098